function CARDAMOM_v3_MAKE_EXAMPLE_NC_FILE_SEP21

%Step 1. start netcdf file








end

function RAW=raw_example_data



T2M_MIN=[ -12.1733
  -10.1836
   -6.4173
   -3.6914
    0.6105
    5.2758
    8.8392
    7.4210
    3.4559
   -1.4442
   -5.5228
  -11.0910
  -11.6609
  -12.3218
   -9.9632
   -3.2844
   -0.5581
    5.7679
    8.2817
    6.4879
    4.1850
   -3.4618
   -8.4436
  -11.0161
   -7.8382
  -10.8178
   -6.2610
   -4.1188
    0.5678
    3.5378
    9.1235
    8.0019
    2.0802
    0.1800
   -6.2451
   -9.8497
  -10.4596
  -11.6907
   -4.6123
   -1.6057
    0.8133
    3.4409
    6.7218
    5.8950
    3.5306
   -0.3137
   -5.1865
   -8.9795
   -7.5796
   -9.6756
   -7.0218
   -3.0135
    0.7036
    3.9997
    8.6454
    6.7981
    4.1347
   -0.3788
   -4.4994
  -10.4989
   -7.7549
  -11.7762
   -8.2444
   -2.3597
    0.6080
    5.6047
    9.5171
    8.3495
    1.3287
   -1.1487
   -5.2949
   -9.0515
  -12.4258
   -8.8728
   -4.6842
   -2.4715
    0.3204
    4.9773
    8.7973
    8.7257
    4.3277
   -1.1678
   -4.8733
  -10.8462
  -12.9513
   -9.4169
   -7.3276
   -4.9840
   -0.7630
    3.0180
    8.3408
    7.7114
    2.6242
   -1.3033
   -4.1024
  -10.0401
   -7.5729
   -8.6004
   -6.2795
   -4.1022
    1.4235
    4.2367
    6.9444
    6.2729
    3.7437
   -3.2208
   -5.0598
  -12.9943
  -11.1745
  -11.3076
   -7.6715
   -3.3979
   -0.7065
    5.1605
    8.8386
    7.7577
    3.8244
   -0.2474
   -6.6947
   -7.7312
  -10.5678
  -12.7885
   -5.2084
   -2.9970
   -0.9667
    3.3576
    8.3914
    8.1937
    3.9859
   -1.5466
   -6.4125
  -11.6224
   -8.1948
  -11.1734
   -4.7926
   -1.6590
    0.6739
    7.0800
    9.3661
    7.9048
    4.7383
   -1.0419
   -3.6467
   -9.8965
  -12.1473
  -12.4529
   -7.7836
   -5.5900
    0.8015
    5.8080
    9.0768
    8.3559
    6.6542
   -2.3820
   -6.0213
  -11.3363
   -9.1962
   -8.6401
   -5.4831
   -3.2538
    0.2112
    3.6362
    8.2628
    7.0422
    4.7852
    0.5112
   -6.1316
   -9.2077
   -7.8577
   -7.7200
   -4.4883
   -3.8294
    1.6644
    8.1887
    8.2986
    8.7621
    5.8336
    2.2502
   -5.8750
  -10.4719
  -10.0780
   -7.6985
   -6.5276
   -3.1379
    0.0642
    6.8243
    9.4227
    7.5231
    4.8453
    1.8218
   -3.2395
   -9.9894]

T2M_MAX=[
   -3.6750
   -1.9985
    2.3857
    8.5256
   12.3849
   19.1713
   22.0663
   20.2371
   16.9669
    9.4122
    4.2306
   -2.3888
   -3.8050
   -1.6673
    0.5523
    9.4722
   12.2119
   20.3939
   23.5972
   20.2463
   15.6025
    6.3756
    1.8100
   -1.8039
    1.0221
   -2.7957
    2.6436
    8.4645
   12.9422
   15.7292
   24.5418
   21.7066
   15.2979
   11.9684
    1.0223
   -1.1682
   -2.0100
   -2.3142
    6.8961
    6.9550
   12.7395
   16.0001
   20.2799
   17.9299
   14.8566
    8.6849
    2.1557
   -0.4209
    0.7079
    0.7600
    2.5131
    7.5791
   12.4819
   16.6948
   23.3666
   19.7107
   17.3076
    9.6742
    4.0026
   -2.3930
   -0.1653
   -1.3720
    2.3169
    9.8612
   13.5062
   20.2935
   22.0563
   19.9343
   12.6884
    7.3860
    3.5155
   -1.4585
   -4.9649
   -1.0368
    5.8324
    6.8321
   12.2962
   18.7393
   22.4171
   21.9562
   16.6516
    9.9074
    4.5770
   -4.6262
   -4.6697
   -0.9089
    1.9740
    6.2142
   10.4084
   16.9496
   23.0898
   19.9584
   15.4132
    9.9429
    4.3428
   -2.8412
   -1.2443
    1.1146
    4.1214
    5.9949
   12.4899
   15.6837
   20.0782
   20.1647
   15.7193
    4.3180
    5.2208
   -5.6883
   -1.5255
   -2.9035
    3.5034
    6.5011
   10.0578
   18.1913
   21.7461
   20.4112
   18.9227
    9.9613
    1.7404
    0.3235
   -3.2202
   -3.6168
    3.7724
    5.7091
    9.0930
   17.8712
   21.6702
   22.6605
   15.9893
    9.2379
    2.8658
   -2.6883
    0.1468
   -2.2691
    7.9564
   10.2070
   13.7010
   22.2439
   23.2640
   22.0098
   17.1408
    8.4533
    5.7056
   -2.5111
   -2.5754
   -2.9297
    2.3538
    4.5675
   11.8812
   20.5711
   21.9853
   21.8701
   16.5835
    6.9473
    3.3280
   -3.7967
   -2.9298
   -2.0768
    4.3155
    6.7023
   11.6663
   17.7764
   21.3655
   18.8992
   17.2117
   11.3142
    1.8340
   -1.2201
   -0.4142
    0.6335
    6.5042
    7.6616
    9.3062
   20.0151
   20.6318
   21.9007
   18.9060
   12.1956
    2.6110
   -2.8081
   -2.6957
    1.4077
    3.4159
    6.6873
   11.0620
   21.0384
   23.1287
   20.3070
   17.7117
   12.4953
    5.9648
   -2.9565];

RAW.CO2=[ 370.5900
  371.5100
  372.4300
  373.3700
  373.8500
  373.2100
  371.5100
  369.6100
  368.1800
  368.4500
  369.7600
  371.2400
  372.5300
  373.2000
  374.1200
  375.0200
  375.7600
  375.5200
  374.0100
  371.8500
  370.7500
  370.5500
  372.2500
  373.7900
  374.8800
  375.6400
  376.4500
  377.7300
  378.6000
  378.2800
  376.7000
  374.3800
  373.1700
  373.1400
  374.6600
  375.9900
  377.0000
  377.8700
  378.8800
  380.3500
  380.6200
  379.6900
  377.4700
  376.0100
  374.2500
  374.4600
  376.1600
  377.5100
  378.4600
  379.7300
  380.7700
  382.2900
  382.4500
  382.2100
  380.7400
  378.7400
  376.7000
  377.0000
  378.3500
  380.1100
  381.3800
  382.1900
  382.6700
  384.6100
  385.0300
  384.0500
  382.4600
  380.4100
  378.8500
  379.1300
  380.1500
  381.8200
  382.8900
  383.9000
  384.5800
  386.5000
  386.5600
  386.1000
  384.5000
  381.9900
  380.9600
  381.1200
  382.4500
  383.9500
  385.5200
  385.8200
  386.0300
  387.2100
  388.5400
  387.7600
  386.3600
  384.0900
  383.1800
  382.9900
  384.1900
  385.5600
  386.9400
  387.4800
  388.8200
  389.5500
  390.1400
  389.4800
  388.0300
  386.1100
  384.7400
  384.4300
  386.0200
  387.4200
  388.7100
  390.2000
  391.1700
  392.4600
  393.0000
  392.1500
  390.2000
  388.3500
  386.8500
  387.2400
  388.6700
  389.7900
  391.3300
  391.8600
  392.6000
  393.2500
  394.1900
  393.7300
  392.5100
  390.1300
  389.0800
  389.0000
  390.2800
  391.8600
  393.1200
  393.8600
  394.4000
  396.1800
  396.7400
  395.7100
  394.3600
  392.3900
  391.1100
  391.0500
  392.9800
  394.3400
  395.5500
  396.8000
  397.4300
  398.4100
  399.7800
  398.6100
  397.3200
  395.2000
  393.4500
  393.7000
  395.1600
  396.8400
  397.8500
  398.0100
  399.7700
  401.3800
  401.7800
  401.2500
  399.1000
  397.0300
  395.3800
  396.0300
  397.2800
  398.9100
  399.9800
  400.2800
  401.5400
  403.2800
  403.9600
  402.8000
  401.3100
  398.9300
  397.6300
  398.2900
  400.1600
  401.8500
  402.5600
  404.1200
  404.8700
  407.4500
  407.7200
  406.8300
  404.4100
  402.2700
  401.0500
  401.5900
  403.5500
  404.4500];




end