-9999.0
-9999.0
-9999.0
-9999.0
-9999.0
-9999.0
-9999.0
-9999.0
-9999.0
-9999.0
-9999.0
-9999.0
-9999.0
-9999.0
-9999.0
-9999.0
-9999.0
-9999.0
-9999.0
-9999.0
-9999.0
-9999.0
-9999.0
-9999.0
-9999.0
-9999.0
-9999.0
-9999.0
-9999.0
-9999.0
-9999.0
-9999.0
-9999.0
-9999.0
-9999.0
-9999.0
1186.171054840088
1186.171054840088
1186.171054840088
1186.171054840088
1186.171054840088
1186.171054840088
1186.171054840088
1186.171054840088
1186.171054840088
1186.171054840088
1186.171054840088
1186.171054840088
1244.4147109985352
1244.4147109985352
1244.4147109985352
1244.4147109985352
1244.4147109985352
1244.4147109985352
1244.4147109985352
1244.4147109985352
1244.4147109985352
1244.4147109985352
1244.4147109985352
1244.4147109985352
1220.5416679382324
1220.5416679382324
1220.5416679382324
1220.5416679382324
1220.5416679382324
1220.5416679382324
1220.5416679382324
1220.5416679382324
1220.5416679382324
1220.5416679382324
1220.5416679382324
1220.5416679382324
1184.0659141540527
1184.0659141540527
1184.0659141540527
1184.0659141540527
1184.0659141540527
1184.0659141540527
1184.0659141540527
1184.0659141540527
1184.0659141540527
1184.0659141540527
1184.0659141540527
1184.0659141540527
1244.2601203918457
1244.2601203918457
1244.2601203918457
1244.2601203918457
1244.2601203918457
1244.2601203918457
1244.2601203918457
1244.2601203918457
1244.2601203918457
1244.2601203918457
1244.2601203918457
1244.2601203918457
1195.4002380371094
1195.4002380371094
1195.4002380371094
1195.4002380371094
1195.4002380371094
1195.4002380371094
1195.4002380371094
1195.4002380371094
1195.4002380371094
1195.4002380371094
1195.4002380371094
1195.4002380371094
1263.7527465820312
1263.7527465820312
1263.7527465820312
1263.7527465820312
1263.7527465820312
1263.7527465820312
1263.7527465820312
1263.7527465820312
1263.7527465820312
1263.7527465820312
1263.7527465820312
1263.7527465820312
1289.9456024169922
1289.9456024169922
1289.9456024169922
1289.9456024169922
1289.9456024169922
1289.9456024169922
1289.9456024169922
1289.9456024169922
1289.9456024169922
1289.9456024169922
1289.9456024169922
1289.9456024169922
1194.3695068359375
1194.3695068359375
1194.3695068359375
1194.3695068359375
1194.3695068359375
1194.3695068359375
1194.3695068359375
1194.3695068359375
1194.3695068359375
1194.3695068359375
1194.3695068359375
1194.3695068359375
1221.3134765625
1221.3134765625
1221.3134765625
1221.3134765625
1221.3134765625
1221.3134765625
1221.3134765625
1221.3134765625
1221.3134765625
1221.3134765625
1221.3134765625
1221.3134765625
1326.4249801635742
1326.4249801635742
1326.4249801635742
1326.4249801635742
1326.4249801635742
1326.4249801635742
1326.4249801635742
1326.4249801635742
1326.4249801635742
1326.4249801635742
1326.4249801635742
1326.4249801635742
1225.7726669311523
1225.7726669311523
1225.7726669311523
1225.7726669311523
1225.7726669311523
1225.7726669311523
1225.7726669311523
1225.7726669311523
1225.7726669311523
1225.7726669311523
1225.7726669311523
1225.7726669311523
1241.926383972168
1241.926383972168
1241.926383972168
1241.926383972168
1241.926383972168
1241.926383972168
1241.926383972168
1241.926383972168
1241.926383972168
1241.926383972168
1241.926383972168
1241.926383972168
1198.1158256530762
1198.1158256530762
1198.1158256530762
1198.1158256530762
1198.1158256530762
1198.1158256530762
1198.1158256530762
1198.1158256530762
1198.1158256530762
1198.1158256530762
1198.1158256530762
1198.1158256530762
1276.1924743652344
1276.1924743652344
1276.1924743652344
1276.1924743652344
1276.1924743652344
1276.1924743652344
1276.1924743652344
1276.1924743652344
1276.1924743652344
1276.1924743652344
1276.1924743652344
1276.1924743652344
