339.2729914060203
339.63137179329283
339.98975216445103
340.36028101179335
340.7308098987867
341.10133876800535
341.47186761261315
341.8484707288845
342.218999587165
342.58952846322006
342.9600573009915
343.3305861770466
343.7071892933179
344.0655696732657
344.4239500312395
344.7944789250692
345.1650077655751
345.5355366177029
345.9060654794016
346.28266861618204
346.6531974580553
347.02372633000857
347.39425519307457
347.76478406434416
348.1413871601064
348.4997675078256
348.8581479390462
349.22867675357395
349.59920565287274
349.9697344885932
350.3402633872083
350.7168664624614
351.08739535013837
351.4579241762879
351.8284530851576
352.1989819106235
352.575585047404
352.9400396456664
353.30449428353256
353.675023121304
354.0455519973591
354.4160808563232
354.7866096496582
355.16321274542037
355.53374163309735
355.904270479756
356.2747993469238
356.6453281935825
357.021931330363
357.380311693464
357.73869206828454
358.10922094980873
358.4797498026202
358.8502786424425
359.22080751644665
359.597410632718
359.9679395039876
360.3384683465445
360.7089972178141
361.07952610138926
361.4561291971514
361.8145095507304
362.17288993507304
362.54341882069906
362.9139476488995
363.2844765557183
363.65500538323516
364.0316085200156
364.4021373536852
364.7726662338421
365.14319508870443
365.5137239681777
365.8903270434308
366.24870745340985
366.60708782237066
366.97761667039657
367.34814555670624
367.71867440541587
368.0892032705328
368.46580636629494
368.8363352457682
369.2068641006306
369.57739298078747
369.94792181445706
370.3245249512375
370.6889795544504
371.0534340848205
371.4239629745483
371.7944918396652
372.1650206671821
372.53554955349176
372.91215266976303
373.2826815287272
373.65321038358957
374.0237392425537
374.39426811792515
374.7708712341965
375.12925157092866
375.4876319926272
375.8581608242459
376.22868970645374
376.5992185592651
376.9697474407893
377.3463505160424
377.71687939961754
378.087408250378
378.4579371346368
378.82846598471366
379.205069100985
379.5634494736081
379.92182983890655
380.2923587163289
380.6628875732422
381.03341643015546
381.4039453075778
381.78054840334
382.1510772705078
382.52160613767563
382.89213500552705
383.2626638515021
383.63926696777344
383.99764735358104
384.35602770569506
384.72655658721925
385.09708544003064
385.4676143222385
385.8381431538572
386.2147462906376
386.5852751413981
386.95580402497325
387.32633279164634
387.69686167727235
388.0734647525254
388.4379193755402
388.80237400916315
389.17290287017823
389.5434317229896
389.9139606051975
390.28448945732526
390.6610925735966
391.0316214031643
391.40215028742307
391.77267915937637
392.1432080217587
392.5198111175209
392.8781915165129
393.2365718759516
393.6071007410685
393.97762958977813
394.3481584760878
394.7186873241137
395.09529044038504
395.4658192952474
395.8363481747207
396.20687703026664
396.57740588854716
396.9540089843094
397.3123893737793
397.6707697632492
398.0412985907661
398.41182749758485
398.7823563257853
399.15288521141133
399.52948830717355
399.90001718733043
400.27054602100003
400.64107490115697
401.01160375533567
401.3882068921161
401.7465872310457
402.1049676300377
402.47549650404187
402.8460253438642
403.21655419667565
403.58708303718157
403.96368611243463
404.33421495225696
404.70474384677027
405.07527270846896
405.44580156059675
405.82240465635897
406.1868592843242
406.5513139129967
406.9218427658081
407.2923716268232
407.6629005008274
408.0334293611588
408.410032456921
408.78056134117975
409.1510901912566
409.5216190550062
409.8921479255922
410.26875102135443
410.6271314166841
410.98551175927605
411.3560406578912
411.72656949361163
412.0970983929104
412.46762720743817
412.8442303647277
413.21475919087726
413.58528807855424
413.9558169047038
414.3263458128898
414.7029488881429
415.0613292739505
415.41970966708277
415.79023852878146
416.16076738090925
416.5312962214152
416.9018251152449
417.27842821100705
417.64895708296035
418.0194859248336
418.3900148179796
418.76054367967834
