16.0
44.0
75.0
105.0
136.0
166.0
197.0
228.0
258.0
289.0
319.0
350.0
16.0
44.0
75.0
105.0
136.0
166.0
197.0
228.0
258.0
289.0
319.0
350.0
16.0
44.0
75.0
105.0
136.0
166.0
197.0
228.0
258.0
289.0
319.0
350.0
16.0
44.0
75.0
105.0
136.0
166.0
197.0
228.0
258.0
289.0
319.0
350.0
16.0
44.0
75.0
105.0
136.0
166.0
197.0
228.0
258.0
289.0
319.0
350.0
16.0
44.0
75.0
105.0
136.0
166.0
197.0
228.0
258.0
289.0
319.0
350.0
16.0
44.0
75.0
105.0
136.0
166.0
197.0
228.0
258.0
289.0
319.0
350.0
16.0
44.0
75.0
105.0
136.0
166.0
197.0
228.0
258.0
289.0
319.0
350.0
16.0
44.0
75.0
105.0
136.0
166.0
197.0
228.0
258.0
289.0
319.0
350.0
16.0
44.0
75.0
105.0
136.0
166.0
197.0
228.0
258.0
289.0
319.0
350.0
16.0
44.0
75.0
105.0
136.0
166.0
197.0
228.0
258.0
289.0
319.0
350.0
16.0
44.0
75.0
105.0
136.0
166.0
197.0
228.0
258.0
289.0
319.0
350.0
16.0
44.0
75.0
105.0
136.0
166.0
197.0
228.0
258.0
289.0
319.0
350.0
16.0
44.0
75.0
105.0
136.0
166.0
197.0
228.0
258.0
289.0
319.0
350.0
16.0
44.0
75.0
105.0
136.0
166.0
197.0
228.0
258.0
289.0
319.0
350.0
16.0
44.0
75.0
105.0
136.0
166.0
197.0
228.0
258.0
289.0
319.0
350.0
16.0
44.0
75.0
105.0
136.0
166.0
197.0
228.0
258.0
289.0
319.0
350.0
16.0
44.0
75.0
105.0
136.0
166.0
197.0
228.0
258.0
289.0
319.0
350.0
