-9999.0
-9999.0
-9999.0
-9999.0
-9999.0
-9999.0
-9999.0
-9999.0
-9999.0
-9999.0
-9999.0
-9999.0
-9999.0
-9999.0
-9999.0
-9999.0
-9999.0
-9999.0
-9999.0
-9999.0
-9999.0
-9999.0
-9999.0
-9999.0
-9999.0
-9999.0
-9999.0
-9999.0
-9999.0
-9999.0
-9999.0
-9999.0
-9999.0
-9999.0
-9999.0
-9999.0
-9999.0
-9999.0
-9999.0
-9999.0
-9999.0
-9999.0
-9999.0
-9999.0
-9999.0
-9999.0
-9999.0
-9999.0
-9999.0
-9999.0
-9999.0
-9999.0
-9999.0
-9999.0
-9999.0
-9999.0
-9999.0
-9999.0
-9999.0
-9999.0
-9999.0
-9999.0
-9999.0
-9999.0
-9999.0
-9999.0
-9999.0
-9999.0
-9999.0
-9999.0
-9999.0
-9999.0
-9999.0
-9999.0
-9999.0
59.533690365878016
32.52992766903293
11.911350256204605
21.606500925556308
12.738670895176549
-4.048550099134445
-19.3029422144736
-20.09340293010076
-46.115335395259244
-17.761713324054593
-28.987659306361756
6.557311619481733
70.36218182245891
26.75135954566624
0.42569143772125245
5.721239032283906
8.013640334529262
-42.33836352825165
-7.565925598144531
-39.66117488912174
-49.959510343415396
-78.53173602053097
-14.977099785098323
15.80675725013979
60.03825952388622
39.55913956165314
7.9009302139282225
17.99609629046172
-7.158070373535156
1.289663522442182
-12.462688592764048
-35.53404167995733
-33.12583974723158
-17.672768253546494
-9999.0
-9999.0
-9999.0
-9999.0
-9999.0
-9999.0
2.365368022272984
-15.123634123802185
-34.05173486669858
-64.7082211971283
-62.27966415497564
-80.98851402282715
0.9668086556827321
-9999.0
94.9998385111491
31.46506741413703
25.878871888599612
-16.081832426209605
-6.390314157803854
-40.76779245671172
-8.824243347490988
-47.61596068020525
-34.50463714784589
-43.319593581660044
-44.380892763137815
-13.184923847516378
63.8159961382548
79.40806766286973
31.600655169487
46.81955187166891
-7.849506473541259
-0.31864194869995116
-41.90233501311271
-57.32424329171578
-14.657004622312693
-28.65760647697795
-10.120631312685353
6.778813250603214
81.4826430718104
38.82257473853327
38.046928171758296
1.540849385722991
4.1787568676856255
-20.89861207008362
-20.371246139208477
-36.58515050904504
-19.011653702457746
-12.007701417130809
-5.190622018916266
-11.461928533390164
42.3354285577933
23.34131092986753
37.22292625109355
20.55871675764361
-15.444535863399505
-22.770610796660186
-14.122081377813894
-33.85478534905807
-44.73239605426788
-8.299186011155447
4.440825124581655
-4.710622777198923
58.84581289343212
33.328163339245705
29.786050243811175
9.985329241588198
-14.728079106538527
-30.164152017006508
-38.38046043918979
-11.990827459002114
-57.50958402068527
-37.50963558600499
-31.987054407596588
1.4723128229379654
41.516653872778015
40.2155833513506
7.455554114920752
-2.1861652135849
5.7294803627075686
-35.76966705697554
-38.41697476116511
-25.63552574010996
-25.51385958156278
-29.340446599324544
-10.51178335914245
36.788005383809406
42.411231537659965
59.192000764992926
22.348991028467815
28.408606952236546
18.8166530593749
-7.727139472961426
-25.5371628065904
-43.92925764520963
-67.27837347984314
-9999.0
-9999.0
-9999.0
-9999.0
-9999.0
-9999.0
-9999.0
-9999.0
-9999.0
-9999.0
-9999.0
-9999.0
