0.41179463267326355
0.3410392999649048
1.1559453010559082
2.979112386703491
4.65718412399292
5.15937614440918
4.226674556732178
2.5984086990356445
1.371267318725586
0.9395190477371216
0.9281737208366394
0.7963552474975586
0.41179463267326355
0.3410392999649048
1.1559453010559082
2.979112386703491
4.65718412399292
5.15937614440918
4.226674556732178
2.5984086990356445
1.371267318725586
0.9395190477371216
0.9281737208366394
0.7963552474975586
0.41179463267326355
0.3410392999649048
1.1559453010559082
2.979112386703491
4.65718412399292
5.1497416496276855
4.203329563140869
2.5840702056884766
1.4428478479385376
1.0654947757720947
1.0179951190948486
0.8338375687599182
0.4156871438026428
0.3013468384742737
1.071128487586975
2.887709856033325
4.572214603424072
5.066666126251221
4.1423420906066895
2.516847610473633
1.221564769744873
0.6797427535057068
0.6385555267333984
0.5661563277244568
0.22229452431201935
0.16331514716148376
1.0062555074691772
2.847756862640381
4.524231433868408
5.028068542480469
4.099339008331299
2.4565370082855225
1.2294528484344482
0.8700032234191895
0.9190502166748047
0.7440862655639648
0.2895644009113312
0.18066728115081787
0.986295759677887
2.8173022270202637
4.512295246124268
5.019975185394287
4.055672645568848
2.4090943336486816
1.2036325931549072
0.7738664150238037
0.7339502573013306
0.6039933562278748
0.26750126481056213
0.24622786045074463
1.063302993774414
2.8639461994171143
4.519754409790039
5.017563819885254
4.107499599456787
2.5062553882598877
1.2836034297943115
0.8231480121612549
0.7884305119514465
0.6688258647918701
0.29692307114601135
0.23020204901695251
1.0478712320327759
2.881718635559082
4.572499752044678
5.077081680297852
4.151641368865967
2.5214855670928955
1.2736880779266357
0.8487778902053833
0.875514030456543
0.7775036096572876
0.3755657970905304
0.25844478607177734
1.0740472078323364
2.9249885082244873
4.620682716369629
5.128489971160889
4.187660217285156
2.553718090057373
1.3276277780532837
0.8916049599647522
0.847909152507782
0.6534715294837952
0.26660099625587463
0.26462265849113464
1.1241658926010132
2.9418325424194336
4.6146626472473145
5.128113269805908
4.199276924133301
2.589972496032715
1.4405324459075928
1.1001238822937012
1.135491967201233
1.0271143913269043
0.6504130959510803
0.5504698753356934
1.3188645839691162
3.1253163814544678
4.796307563781738
5.275625705718994
4.341553688049316
2.721518039703369
1.4452712535858154
0.9136930108070374
0.8551670908927917
0.7388612627983093
0.3462604880332947
0.24864570796489716
1.0738401412963867
2.9207255840301514
4.61578893661499
5.1316962242126465
4.202192306518555
2.5547709465026855
1.321213722229004
0.9581083059310913
1.0257980823516846
0.8960728645324707
0.4913812279701233
0.4170790910720825
1.2312567234039307
3.0443947315216064
4.706185340881348
5.196410655975342
4.243884086608887
2.600078582763672
1.3614212274551392
0.8615756034851074
0.7471537590026855
0.5799639225006104
0.24892990291118622
0.24884945154190063
1.0833755731582642
2.899228096008301
4.572896480560303
5.08156156539917
4.156543731689453
2.528773307800293
1.2951241731643677
0.8613660335540771
0.8712295889854431
0.7720831632614136
0.3842591643333435
0.28760048747062683
1.080544114112854
2.900059938430786
4.5863037109375
5.092629432678223
4.177565097808838
2.5670201778411865
1.3445031642913818
0.9372427463531494
0.9715384244918823
0.8790931105613708
0.4936046302318573
0.39719799160957336
1.2132612466812134
3.043138265609741
4.721395969390869
5.2247209548950195
4.275065898895264
2.617921829223633
1.3666725158691406
0.9344815015792847
0.9260969758033752
0.7709118723869324
0.40011632442474365
0.3891221880912781
1.2372466325759888
3.049520492553711
4.7153778076171875
5.222307205200195
4.300857067108154
2.718313455581665
1.6029791831970215
1.266471266746521
1.2482140064239502
1.0434561967849731
0.5705457329750061
0.42528876662254333
1.2116280794143677
3.068274974822998
4.786795616149902
5.295129776000977
4.375993251800537
2.765721321105957
1.4946180582046509
0.9794690608978271
0.9727780222892761
0.9468847513198853
