-9999.0
-9999.0
-9999.0
-9999.0
-9999.0
-9999.0
-9999.0
-9999.0
-9999.0
-9999.0
-9999.0
-9999.0
-9999.0
-9999.0
-9999.0
-9999.0
-9999.0
-9999.0
-9999.0
-9999.0
-9999.0
-9999.0
-9999.0
-9999.0
-9999.0
-9999.0
-9999.0
-9999.0
-9999.0
-9999.0
-9999.0
-9999.0
-9999.0
-9999.0
-9999.0
-9999.0
-9999.0
-9999.0
-9999.0
-9999.0
-9999.0
-9999.0
-9999.0
-9999.0
-9999.0
-9999.0
-9999.0
-9999.0
-9999.0
-9999.0
-9999.0
-9999.0
-9999.0
-9999.0
-9999.0
-9999.0
-9999.0
-9999.0
-9999.0
-9999.0
-9999.0
-9999.0
-9999.0
-9999.0
-9999.0
-9999.0
-9999.0
-9999.0
-9999.0
-9999.0
-9999.0
-9999.0
-9999.0
-9999.0
-9999.0
40.910479892383925
53.87368705749512
89.04975019182477
89.78385236186367
59.67358866045552
44.3929585814476
18.841447516491538
0.8176211857795715
1.706448758383178
1.1021896416942278
4.755247816957277
12.800044648025347
-9999.0
71.86889501718375
74.1684933075538
86.012678669345
81.41549843357456
59.74270133972168
1.5314576625823975
1.1517201590126958
-2.2328627487787833
-2.229001287242462
4.851888342450063
11.67162813390455
31.718953945018626
63.99087432861328
75.82058486938476
61.97670208613078
55.22647184729576
32.68196341196696
15.923230039445977
3.795741096138954
-3.0788056290398043
0.4655721989961771
-9999.0
-9999.0
-9999.0
-9999.0
-9999.0
-9999.0
53.2357863296162
49.220735470453896
14.253460338038783
2.7360835716297682
-1.2294362416634192
-3.0564385124102786
3.8648326645294824
-9999.0
43.774977366129555
53.33946160785854
77.87034644863822
77.18271760402187
73.89505693515142
40.286089874230896
19.25491177511436
1.8496720722088447
-3.831386476755142
-5.047535380831471
5.564522856703172
18.297215884731663
36.23730885187785
62.28949966738301
89.7431050491333
73.73356991429483
54.49146702212672
42.36724297205607
16.08081352710724
-6.7035657795766985
-2.805388296229972
-2.7023558828138534
3.900659511762637
18.947605445467193
39.99638535181681
72.72790220475966
100.54885971987689
108.2637810245637
78.8017717176868
36.726381007830305
7.822346812294375
-13.334204136331875
-1.343039329474171
-3.0091761490029674
0.4718214310705662
11.492781639099121
38.305849981307986
48.14550102622278
91.13239560250578
102.4132269274804
53.75027246276537
32.69569331407547
6.004339663251754
-2.4769467454064977
-4.191744923591614
-0.4634015162785848
-4.574326453464372
16.65857068200906
37.199608658750854
69.77963835193265
94.47216432744807
84.02027394221379
83.85286834023215
63.325748999913536
19.24961926475648
1.7587077137496736
-3.787188905817006
-8.864034817616146
1.4793671390105938
23.214465379714966
33.90069718360901
62.93685182448356
69.95869846854892
100.4024781121148
72.00003094826975
33.291765186521744
16.58463152885437
2.98606404203635
-1.3548086500696597
-1.5941457777683223
2.066286656856537
11.387139432628949
25.17062381108602
49.14849828904675
75.80876604715984
76.3637250469577
53.04553597973239
37.81797580718994
15.847037736574809
0.5996031676019941
0.06354303704574704
-9999.0
-9999.0
-9999.0
-9999.0
-9999.0
-9999.0
-9999.0
-9999.0
-9999.0
-9999.0
-9999.0
-9999.0
