1.4524235427379608
1.7009344846010208
1.474572605556912
0.9782622801630121
-1.388014157116413
-5.053347539901734
-4.164406895637512
-0.17905840277671814
0.3874131911434233
2.745279626051585
2.4245019771836023
1.886495292186737
2.2371525509016856
1.633193966589476
1.3031025409698487
1.2182977094369776
-2.998121557964219
-4.406371747746187
-2.3481216430664062
-0.325712251663208
0.41606990148623785
1.7427840292453767
2.250264993080726
2.0373050212860107
2.240351657072703
1.5000103116035461
1.9146263400713603
1.3146277368068695
-2.1512701544496746
-5.247530817985535
-3.4981361031532288
-0.35814769864082335
-0.14417328791958944
2.0680111563867993
3.403772648643045
2.116725444793701
1.7981591299176216
1.629517396291097
1.2223612666130066
0.8410325000683466
-3.8208756711747913
-5.275087880737641
-3.7201312772101827
-1.6784966178238392
-0.31636377722024916
2.7969907787111072
3.1418229393337085
2.939252124113195
2.127710925905328
1.7045315631798335
1.7499577157637651
1.3359068632125854
-3.295830549164252
-6.541958148662861
-4.784753991911809
-1.260159623055231
-0.4005502393612495
2.006602755324407
2.3325064977010093
1.8770917654037476
1.6923628250757854
1.797869422856499
1.4239008192505156
1.5124953258782625
-2.4975084587931633
-7.061083403500644
-3.0231352193014964
-2.129389637708664
-0.6158921550959349
1.0712379126085176
2.074934482574463
1.8842931151390077
1.8179745316505431
-9999.0
1.6529478112856546
1.3140799403190613
-2.0970034450292587
-6.270852592256334
-3.3964160035053887
-0.22813653035296333
-0.5910870365121148
1.5885172684987385
2.8013476133346558
2.4512653534228983
1.5854621966679892
1.4657193527502173
1.5829373139601488
-9999.0
-5.381769824028015
-5.4054440430232455
-3.4807505309581757
-1.5184483503301938
-0.08250671944447927
-9999.0
2.3328563372294107
2.144427220026652
1.955624810854594
1.8386232778429985
1.6872612421329205
0.978858449629375
-2.9071992691606283
-6.128831192851067
-3.6182679384946823
-1.5513782302538555
-1.0060141767774309
0.6059357896447182
3.188689708709717
1.9063519909977913
1.7054984883258217
1.343003523349762
1.1426709609873154
1.2050206535740902
-1.853427081153943
-5.00165148973465
-3.096806526184082
-1.9201285522431135
-0.4695845991373062
1.900581776102384
2.390591891372905
2.236847773194313
1.4248036178557768
0.9709606851850238
0.9647351086817004
0.6640283390879631
-4.051102411746979
-6.600464791059494
-2.8620842487915703
-2.1838000752031803
-0.8303476744576505
1.6984435319900513
2.048533194594913
1.759240374845617
1.6059953603479598
1.8417903780937195
1.37310636004335
0.6728330925107002
-6.902154914206928
-6.599939346313477
-4.047502167522907
-1.1168052648243152
-2.3373966924846172
1.4724554097279907
2.1521279269998725
1.6310480833053589
0.8799503406044096
0.9980689187844595
0.9817088511255052
0.4301764090855916
-4.652885843068361
-7.067863374948502
-3.201335072517395
-2.2890615314245224
-0.48743411733044517
1.1898207273334265
2.1225084236689975
1.5184484092812789
0.9215079968174299
1.0556916892528534
1.29999980505775
0.8800633953263363
-1.8511984692442984
-5.906168694297473
-4.103093802928925
-1.9055716557936235
0.3029509683450063
0.7756550654768943
1.9163710645266943
1.1874096265860967
1.1674389243125916
1.0640788731120883
1.2283119691742792
0.6849376708269119
-5.1172668695449826
-6.7235373391045465
-2.7219500083189745
-1.8913822453469038
-0.24358010912934938
1.789609166837874
2.210359102801273
1.4389064403680654
1.1187476732514121
1.0546758816792414
1.2831710312101576
0.36954810557996526
-3.5575099603997336
-6.075841215523806
-3.8284580230712892
-3.2595372945070267
-1.4502590282967216
1.02374186553061
2.0505717992782593
1.1506682362407445
1.0917357272571988
0.9081962796357962
0.7403247058391571
0.7117002911188386
-4.160684616942155
-7.323927611112595
-5.34565360729511
-2.72333334173475
-0.7628820737202963
0.8651956280936366
1.9417417900902885
1.570402204990387
-9999.0
-9999.0
-9999.0
-9999.0
-9999.0
-9999.0
-9999.0
-9999.0
-9999.0
-9999.0
-9999.0
-9999.0
