-9999.0
-9999.0
-9999.0
-9999.0
-9999.0
-9999.0
-9999.0
-9999.0
-9999.0
-9999.0
-9999.0
-9999.0
-9999.0
-9999.0
-9999.0
-9999.0
-9999.0
-9999.0
-9999.0
-9999.0
-9999.0
-9999.0
-9999.0
-9999.0
-9999.0
-9999.0
-9999.0
-9999.0
-9999.0
-9999.0
-9999.0
-9999.0
-9999.0
-9999.0
-9999.0
-9999.0
-9999.0
-9999.0
-9999.0
-9999.0
-9999.0
-9999.0
-9999.0
-9999.0
-9999.0
-9999.0
-9999.0
-9999.0
0.08500868484528383
0.17000715209578318
0.5224767549716514
0.0
0.0
0.0
0.0
0.0
-9999.0
0.0
0.07749974466235565
0.4399964237210767
0.827501787843046
0.21999846734639739
0.0
0.0
0.0
0.0
0.0
0.0
0.03749770099344245
0.32752120126357215
0.29998773871884965
0.004399964237210767
0.7024992336732037
0.30746858093242757
0.0
0.0
0.0
0.0
0.0
0.0
0.0
0.0
0.1250091957472642
4.3999642372107665e-05
0.3800025543354836
0.10499999985179198
0.0
0.0
0.019997956461864388
0.0
0.0
0.0
0.0
0.0
0.12999642381697743
0.534991825986957
0.12999540216997157
0.21499795654904677
0.37500051093685277
0.0
0.0
0.0025002554422678424
0.0
0.0
0.0
0.0024997445664504854
0.1599984673463956
0.27500766313725233
1.0
0.33249923356858546
0.9574956574814466
0.0
0.0
0.0
0.0
0.0
0.0
0.0
0.18999489128542607
0.06750229899785348
0.3150020438171319
0.0
0.0
0.0
0.0
0.0
0.0
0.0
0.0
0.09999999996513026
0.044995402082782056
0.26500408704139344
0.15251558188242698
0.012498722788665241
0.0
0.0
0.0
0.0
0.0
0.0
0.0
0.007500766326803527
0.26250689688890305
0.6400045978562003
0.4525053641829941
0.8424956574378711
0.0
0.0
0.0
0.007500766318084309
0.0
0.0
0.0
0.017500255442270515
0.182489016252775
0.37999335853589966
1.0
1.0
0.07249872271020297
0.012501277193900776
0.0
0.0
0.0
0.0
0.10999846728535931
0.0
0.5700020434160773
0.725005619546805
0.8299999999999998
0.0
0.0
0.0
0.0
0.0
0.0
0.0
0.0
0.0
0.05000510867097248
0.24999744557732073
0.4824966793551442
0.11999795664493593
0.0
0.0
0.0
0.0
0.0
0.06249821193029167
0.0
0.09499948919393907
0.12750791854464685
0.7199943803747336
0.572494124801698
0.9349933587277358
0.19249412493247026
0.0
0.0
0.0
0.0
0.0
0.0
0.0
0.0
0.05499744557733583
-9999.0
0.04250434237032661
0.0
0.0
0.0
0.0
0.0
0.009998978230932194
0.0
0.0
0.09250945119824502
0.552502809795197
