-2.467376708984375
2.216766357421875
2.990234375
5.406463623046875
9.9801025390625
15.560943603515625
18.5140380859375
22.228729248046875
14.065643310546875
7.790191650390625
3.816864013671875
1.704742431640625
1.481231689453125
4.6126708984375
3.130401611328125
7.321380615234375
12.480194091796875
14.7210693359375
15.23193359375
15.17547607421875
13.644439697265625
8.334564208984375
1.403594970703125
0.538238525390625
1.201141357421875
0.421356201171875
3.400360107421875
8.08258056640625
11.074798583984375
14.432342529296875
18.03436279296875
17.212127685546875
16.396392822265625
8.979949951171875
4.595245361328125
1.517974853515625
1.527618408203125
2.842926025390625
3.55511474609375
8.793609619140625
13.076904296875
14.5286865234375
15.9595947265625
15.89178466796875
13.180755615234375
10.789459228515625
6.307891845703125
2.906158447265625
1.143707275390625
0.238250732421875
0.618621826171875
6.107269287109375
12.103851318359375
13.7840576171875
18.546173095703125
17.712677001953125
12.588470458984375
11.56298828125
4.316436767578125
-0.076507568359375
1.56640625
3.4193115234375
4.077362060546875
7.39508056640625
13.149993896484375
16.092254638671875
17.811798095703125
20.234375
15.031402587890625
7.034820556640625
3.898712158203125
-0.433685302734375
-0.703582763671875
-1.846954345703125
2.63568115234375
6.86572265625
12.252044677734375
16.5579833984375
18.884857177734375
18.974029541015625
14.385101318359375
5.777984619140625
6.100067138671875
2.887054443359375
-1.403533935546875
1.0572509765625
3.323394775390625
8.108734130859375
12.00115966796875
14.069244384765625
15.685577392578125
18.312347412109375
13.905242919921875
9.501190185546875
4.599761962890625
3.069427490234375
2.508270263671875
-0.601165771484375
1.023895263671875
7.67425537109375
11.988677978515625
14.969940185546875
18.5291748046875
16.443389892578125
15.14593505859375
10.739837646484375
5.277496337890625
1.268585205078125
-1.544403076171875
0.079498291015625
-0.016357421875
6.56884765625
11.806610107421875
16.302215576171875
21.717437744140625
17.970489501953125
16.286651611328125
12.206634521484375
7.161712646484375
5.950103759765625
3.955780029296875
1.461273193359375
5.8511962890625
9.250640869140625
12.798126220703125
16.773040771484375
16.377288818359375
17.439544677734375
13.187896728515625
8.563568115234375
4.371856689453125
2.800079345703125
3.196380615234375
4.007965087890625
3.457244873046875
7.56268310546875
12.702392578125
15.81903076171875
18.40802001953125
17.191253662109375
13.136932373046875
9.300689697265625
5.309051513671875
2.188079833984375
0.138946533203125
0.311004638671875
3.677398681640625
9.547454833984375
12.289764404296875
14.353057861328125
18.377410888671875
18.2525634765625
14.751953125
7.704376220703125
6.606170654296875
0.191558837890625
-3.670989990234375
-3.206512451171875
2.231353759765625
7.105804443359375
9.995361328125
14.74591064453125
20.148773193359375
16.987518310546875
12.98187255859375
8.518646240234375
2.699005126953125
-5.277801513671875
-0.96368408203125
-0.274383544921875
2.750396728515625
9.898956298828125
12.256256103515625
16.16680908203125
17.171783447265625
16.638336181640625
14.229217529296875
9.602813720703125
6.342864990234375
3.413909912109375
1.276397705078125
-1.060272216796875
5.655181884765625
6.630096435546875
12.948394775390625
13.98614501953125
17.033538818359375
17.770111083984375
13.558349609375
8.599578857421875
5.593536376953125
-0.395599365234375
-1.163421630859375
-1.090789794921875
-1.476898193359375
5.980804443359375
12.821685791015625
15.203521728515625
18.719879150390625
17.880645751953125
13.214080810546875
10.833648681640625
5.364288330078125
4.263092041015625
1.246002197265625
3.2969970703125
5.66925048828125
8.898895263671875
12.662689208984375
16.118438720703125
20.763824462890625
17.232452392578125
15.12713623046875
11.932525634765625
7.437652587890625
2.405181884765625
