0.09074193531638054
0.0
0.03225806487476333
0.05333333392627537
0.0
0.0
0.0
0.0
0.0
0.0
0.0
0.235870969797889
0.01935483850238304
0.0
0.077419355699432
0.013333333481568843
0.0
0.0
0.0
0.0
0.0
0.0
0.10666666785255075
0.006451612974952666
0.006451612974952666
0.12217857256473508
0.11612903312667303
0.013333333481568843
0.0
0.0
0.0
0.0
0.0
0.0
0.0
0.35254838752030815
0.0
0.07586206980892617
0.08387096867438465
0.0
0.0
0.0
0.0
0.0
0.0
0.0
0.0
0.006451612974952666
0.04516129082466866
0.05714285777815219
0.12258064525667578
0.0066666667407844216
0.0
0.0
0.0
0.0
0.0
0.0
0.020000000222353265
0.058064516352099034
0.07096774272447932
0.11928571678124301
0.019354838924858
0.0
0.0
0.0
0.0
0.0
0.0
0.0
0.0
0.1290322594990533
0.04516129082466866
0.03571428611134511
0.01935483850238304
0.07333333414862864
0.0
0.0
0.0
0.0
0.0
0.0
0.0
0.05161290379962133
0.270967744525537
0.03448275900405735
0.0
0.0
0.0
0.0
0.0
0.0
0.0
0.0
0.020000000222353265
0.058064516352099034
0.03225806487476333
0.2160357170266382
0.14325806569691088
0.0
0.0
0.0
0.0
0.0
0.0
0.0
0.2736666678401889
0.12016129213377773
0.2706774164072422
0.4500000031319879
0.6136451645532713
0.0
0.0
0.0
0.0
0.0
0.0
0.0
0.0066666667407844216
0.0
0.053612903631742925
0.36749999917446985
0.0
0.0
0.0
0.0
0.0
0.0
0.0
0.0
0.0066666667407844216
0.006903225885839821
0.012903225949905332
0.0
0.12796774343211925
0.0
0.0
0.0
0.0
0.0
0.0
0.0
0.0066666667407844216
0.006451612974952666
0.05161290379962133
0.23571428786713763
0.0
0.0
0.0
0.0
0.0
0.0
0.0
0.0
0.0
0.008387097078675946
0.0
0.05571428773691878
0.06709677662940756
0.0
0.0
0.0
0.0
0.0
0.0
0.0
0.07800000283168629
0.06709677662940756
0.49732257542223857
0.047642857880094064
0.02880645143345499
0.0
0.0
0.0
0.0
0.0
0.0
0.0
0.0
0.0
7.0580645084133256
0.06206896530408091
0.03929032302934384
0.0
0.0
0.0
0.0
0.0
0.0
0.0
0.0042333334022259805
1.9011612690702906
0.32903226130011104
0.24285714462166652
0.12903225907657837
0.0
0.0
0.0
0.0
0.0
0.0
0.0
0.0
0.0
0.0
0.0
0.0
0.0
0.0
0.0
0.0
0.0
0.0
0.0
0.0
0.2903225826054451
