1.9425085005077145
3.6120448268184178
8.82856427391604
11.934148858813943
16.322422887710893
19.91748268898752
20.958316103890347
17.463988726649504
10.845913133182526
4.62274135427898
2.0646121825151145
0.8617424517767084
2.0154779984948137
2.930342789654221
8.949272515300109
9.095846982940435
18.864347139172207
17.77850032294929
15.545229068201564
13.754863485645673
7.64737573345542
4.2902517521404455
2.0130936036756633
1.3183937432974577
1.2084441717970758
3.629008413166766
5.78411507054404
14.122569993555398
17.515717280004296
18.617195176502467
18.88477280156098
15.024461470974165
10.86660645881474
5.344091006403826
1.9519249741704763
1.0723047106161234
1.7495658032254828
3.2161821497711642
7.304292932376879
14.201102238360646
19.872953997061234
17.618291671230647
14.879929902594851
13.897696399167181
8.5593822606048
4.092727642120133
1.708171201492846
0.955348780893174
1.2529434788444351
4.164756874252164
7.828416408367551
10.725867344791443
20.484164637274176
19.790914370829466
19.986473926123928
13.947751218327255
7.653781496814788
4.436496591778821
2.478140340860635
1.1075532390313765
1.3143629006504531
3.8500361323570567
9.929038403370496
10.945370484346748
17.084954491206524
21.678101947555394
16.59968251729122
16.016687832407413
12.448338014862836
5.205466460932023
1.535109001558274
0.7699226517547523
1.3880339440167433
3.754999803768205
10.338448066310008
16.17361798822761
17.823077425577566
20.642178001140657
18.690359516249647
16.558327750869143
11.120913530673981
6.024814827064738
1.51411199740693
0.9974724390753336
1.4387377953654816
3.875174316012654
7.879022948741481
14.650295997798445
17.688855205706773
16.55484298528388
16.123552267700482
15.822319331966389
11.577994812804313
5.211563224361261
2.3641279757192732
0.86767391244846
2.1324266104143956
4.1473383459902236
9.962032320009845
15.46326397161171
17.080042297304256
16.99667111632839
16.620723149262993
13.227760704786162
10.347017999614925
6.510930963016662
2.164607581317723
1.291848389797153
1.9636468822394648
3.8063528416207864
8.514089661771756
11.879191323866845
17.848916137082348
20.82291234472275
22.39052373147703
14.065369843756818
11.74574237365678
4.85797215239819
2.1716849339818958
0.9945636394741555
1.6130438747455036
2.903976965483225
10.018952396896097
17.31736689695567
17.841308926517208
18.699313086073996
16.23902300522395
14.862500347355923
10.248875040335657
5.943833703279832
2.51784600037694
0.9515903233091678
1.1392229023469072
3.8416908424017757
8.964386495248878
15.302044027224184
23.623869814054864
22.30988699244261
21.361535925960062
13.346789323952217
11.111739344432205
5.720230097975654
1.7944349987541142
1.1779170939981938
1.7432762539791966
3.3832814025680937
7.031639085202448
18.80521948927045
20.41935184256742
21.953873980023715
18.682496630558276
16.433441589614702
11.255143879900574
5.7681726331052765
1.348325699260533
1.253288902275889
1.8493295792381612
3.5562021382420195
7.796034994963773
15.240473996892574
14.13817258244008
21.01622096216843
20.640358039645708
13.089179105216315
10.507640335696042
6.030808145427415
2.3367229791109265
1.8912411235488713
2.7614614440711276
3.295611386749308
8.395200000847925
16.332975000279397
19.612538713279367
22.648516809952856
15.66491860274091
13.399668896086371
10.541540997699649
6.584315812449638
2.0481613848477602
1.1693148356629477
1.9583662081901585
4.649797367592413
10.098239333119965
13.335964497123957
19.3469806354889
17.45264043021843
18.666316180776484
15.877829032694573
9.181839710391461
5.2428132697777405
1.93416149809286
1.2308849992007018
1.9517162501382734
3.158430364829728
10.491961825428856
15.07579834487334
18.39322109012676
20.84921498885259
21.554666296373334
15.881892364626596
9.346157874260209
5.062688123269193
2.104855080871806
0.728165785305827
1.2446061645001174
8.446070695514765
9.416158839111992
12.491347836245298
15.564348440706635
19.344102956662773
19.01594313333842
12.962322814622041
8.45548393506825
3.5596170580188113
1.3543451999375224
0.4243050016435885
