24.729081947966545
25.11461712995257
24.576610314153857
24.315138392944338
26.742945775185863
28.323248880615232
29.401827457551036
30.74478204227571
29.15738284423828
27.25116233500819
26.45051160095215
26.528984419496602
25.069233595718874
26.916436791556222
24.64066371873425
26.806116251220704
26.787426763325353
28.90024061279297
29.353312424395163
29.507218208165323
29.95064371948242
28.223704145271547
25.874907637939454
25.248089353696763
25.631016688193043
24.537790026201524
25.51064011466734
25.372665056762695
26.408157066295995
28.350986037597657
29.723689149524322
29.538705308089718
29.381150126953123
28.016589270807085
26.519228801879883
25.500359810515373
25.408146155769593
25.580465148294383
25.54856120703913
25.913965852661136
26.699971926978332
28.712822585449217
29.303420510175155
29.686298964371222
29.24587254638672
28.33332984185988
26.970045695800785
26.424644656470516
25.82474154111801
24.290657870047433
24.19595151997228
25.40604691040039
26.023742305238788
27.994204910888673
29.925422867313507
30.493466029800906
29.710510883789063
28.90684960031817
26.583387681884766
25.728144142987656
26.00515764475177
25.258230034528463
24.146779780824723
25.806642504272464
27.645852995054184
28.76922082397461
30.279317133946574
30.847168538936494
29.087635891113283
27.540625845041586
26.902825286865237
25.516759343497988
25.184758923930506
23.358761975751605
23.635011536038306
24.19084314880371
27.168842791944932
29.504116384277342
30.11017701297883
30.004556995416458
28.513682424316407
26.12930601609753
27.597202009277346
26.27443010706748
25.162333191508633
24.355946031031117
24.315425222876765
25.483725322265624
26.976509415952624
28.588749594726565
29.554243633442542
30.071645582236012
28.828500864257812
27.812245293598792
26.635309008178712
26.488558683530744
25.340422520200672
23.877018582589287
23.98967996668662
24.94433109375
26.95164363423009
28.357457149658202
30.61454268405053
29.696967192225305
29.046394390869143
27.566433378354965
26.952495494384767
25.655643481839085
25.113530401611328
25.363197189985005
23.526720678317165
25.48323145568848
26.439753012380294
28.582073642578123
30.118322531817036
30.264065647445186
29.318826657714844
29.283461569902975
26.90660948822022
27.529256186208418
25.984126338737244
25.916153721836633
26.448800113604147
27.176193112792973
28.107306421095327
30.17856716674805
30.427358513222973
30.556705320887414
28.864074856567385
27.023087668437345
25.345577224731446
26.984838725428425
26.344288608575635
25.650530333736025
24.392278481169672
25.45743031402588
25.98199556166126
27.8857341796875
29.533957001126197
30.733322899799962
28.25791534423828
27.04111166559035
26.828327993774415
26.1707572726342
24.575405836929814
24.90083357162476
25.553276145688947
24.875772003479003
26.960509966942574
27.85563479370117
30.498586858343312
30.201172276847593
28.81899456115723
26.63228319160708
28.081182042846685
24.590058048469793
23.088417095356604
24.69246929724557
24.60539529478012
24.996736028137207
27.802944860052296
28.52582581237793
31.01709482382498
30.545454186814833
27.87369653503418
26.893137903619582
26.220932897644044
23.5177580300608
23.83073037207819
24.305187339019774
24.381973108697707
26.12828960449219
27.072805810842205
29.14588125366211
31.085472753709364
30.697494570036856
29.08547701538086
26.8708993569651
27.164821921691896
25.72197436464371
24.3143128429782
22.686812080330686
25.021491443658647
25.513840483703614
27.701866445233744
28.707201149597168
29.57285122700353
29.81204128890499
28.832258783569333
26.97224604108257
27.50689399749756
25.227824525697773
24.42428043321179
24.48751744798933
21.636742716536986
24.56776857147217
27.90793605474657
29.034372114257817
29.742023862186556
29.84612923721806
28.576022395019535
28.352198590186337
26.293624789123538
25.570423108697707
25.6577175304782
25.696952034105575
25.649620371861616
25.667134799194336
25.6577175304782
27.491123621520995
28.50477836933751
28.466793494243007
28.48836128723145
29.88077149362872
29.454826931762696
28.169231951116746
