-2.376677679246427
1.7590167454310972
2.05838583669356
3.4068308512369754
7.314999783423673
11.686797587076853
14.972386809318323
17.722950892294648
11.921166992187523
7.174677498109929
3.4824981689453125
1.1521944107548165
1.71742081180696
3.6487496512277175
1.7483872936618354
4.734334818522143
9.276934519121767
11.821834818522177
12.192385568926454
12.770048867502567
11.673165384928382
7.451211547851585
1.0123311360677576
0.4291301112021415
1.068066307806248
-0.06237640380857101
1.8948864352318537
5.572700500488281
7.650967801001798
11.203165690104186
15.17899967316663
14.37577554025961
13.952667744954454
8.174678974766891
4.219500223795592
1.8522902950164166
1.6543532832976666
2.212309949151404
2.1815976050592667
5.6259338378906705
9.753871105563292
11.024333699544286
12.624515459614429
12.979998976184504
11.161166890462255
9.58790421024446
6.004832458496139
3.0872589111328352
0.8517744495022725
-0.7948217119489414
-0.3614523610760898
3.4310328165690294
8.527742250504048
10.06616668701173
14.964839615360404
14.297097778320335
10.792665608724008
10.357256784746767
4.278167215983103
-0.14661156439007073
1.516936566752804
2.8794641767229336
2.3988709480531725
4.829999796549487
9.534515183971791
12.78241882324221
14.26113035140503
16.53516097530246
12.652665201822913
5.73290356051541
3.303500366210983
-0.7935492730909459
-0.7464512978830271
-3.192321886335094
1.1274185672883164
3.5888320922852017
9.11822736186366
12.622500610351608
15.220000039377567
15.29725479618196
11.814999389648449
5.146128303773992
5.548000590006552
2.8637097758631853
-2.1924199258127146
0.4498261550377265
1.567097620810273
4.786664835611987
8.350483359059979
10.500166320800815
12.454516306231142
15.142097030147454
12.019618225097702
9.38662995369208
4.229600016276038
2.9566141436177418
2.208549548733629
-1.1941082545689028
-0.887096971081121
4.1505004882812955
8.19982250582791
11.039965311686217
14.804048402847798
13.022520299111648
12.076748657226574
9.059999330582173
4.720333862304699
1.392742821478123
-2.5004840481665838
-0.968750108991344
-2.61145236107609
4.091667683919297
8.058709716796898
12.293666585286473
16.721291129819804
14.812420063634079
13.735501607259152
11.258225274855135
6.96649983723961
6.231936350176454
4.207096026020679
0.7135728018624832
4.080804443359398
6.389833068847679
9.091773051600342
13.822833760579442
13.434194060294885
14.727903599892898
11.475331624348996
7.46338806152346
4.281666564941418
2.8491922686177418
3.262740891979604
3.4232758620689765
2.0712903422694353
4.692332967122411
10.241128540039085
11.8490000406901
14.25580749511721
14.797904525264642
11.12233276367192
8.52741837040071
5.3875000000000455
2.0317750007875475
-0.07161215505288965
-0.5214299883161289
2.078549588111173
5.932499186197958
8.795644747826373
10.811499532063806
15.218546516664617
14.867742033927698
12.61700236002605
6.789518097908285
6.479332987467444
0.08596880512857297
-4.041290480090709
-2.6983927045549194
1.2458065894342667
4.3656672159830805
7.053871696226054
11.123333740234386
16.287420752740672
14.620967545047904
10.949331665039097
7.381290854177166
2.4884984334310047
-4.27532043457029
-1.8809688445060146
-1.1817856924874377
0.9390291275516915
7.396166483561217
8.494997873613954
12.758599853515648
14.498063905777485
14.072902359501029
12.39533487955731
8.786611544701373
5.47108306884769
3.5187105240360665
1.5137105634135537
-2.0689642544450066
3.745821356004285
4.1468353271484375
9.47096921859253
10.503765360514365
12.840661621093773
14.26951333322836
11.535748799641965
7.838966418850816
5.305999755859375
-0.010807357295846032
-0.862144913211921
-1.7212127685546648
-2.5420982114729895
3.4101333618164062
9.379887045583416
12.185632324218773
14.722580743605135
14.526774547946104
11.329117838541663
9.360983374810985
5.513933817545592
4.309499236076135
2.724640680128573
3.8619132995605696
4.972771232358866
5.949652099609409
8.505000748172904
11.190498352050781
15.674355094663554
13.142742821478123
11.907667032877612
10.543708850491441
6.665001424153672
2.3201616840977977
