-0.8902880268711897
3.4456066676548858
5.623791897681485
7.067001851399766
11.760966442477354
17.36163279215498
20.266886852633604
24.056097018334185
15.568332926432333
8.878903592017423
4.602166748046898
1.8772905903477977
2.870159321446579
5.285589926583441
5.240644688760085
8.174164326985704
14.478385974514879
16.246332295735726
16.45296827746978
16.819805809759373
14.713016764322958
8.96333982406128
2.2616500854492188
1.2060968214465788
2.1467750795426355
1.706607164655452
4.68549942508821
10.636565144856775
12.86757861721901
15.443500264485692
20.113969667496235
19.017095553490435
18.33349965413413
10.355965202085429
5.844866434733092
2.533791622038848
2.9379029304750475
4.009825818292029
5.337647764144435
11.414418029785168
15.571856394121767
15.817499796549498
16.866450943485404
17.489514061712498
14.612164815266965
11.74854874149446
7.0501683553060275
3.8724205755418666
1.7684678600680854
1.4187501089913894
2.1832578597530414
7.517416890462243
14.732418724798436
14.88849945068364
19.838872405021448
19.167580192319804
13.538498433431016
12.930370010868216
5.970999654134118
0.8480636104461041
2.3209664621660977
4.953393009730746
5.900483949722798
8.97266642252606
14.82032313193048
17.764199829101585
19.189998306766654
22.068967068579923
16.76600036621096
8.238873192571873
4.41566670735682
-0.1333536455708213
0.18693572013609128
-0.8037502833774965
5.863065461189535
9.051999409993527
14.158065106791867
17.551666768391954
20.594677143712204
20.28532143869711
16.180967712402378
7.882191614950898
6.494166056315123
3.62661182034401
-1.2429028910975148
2.2898267022494565
4.353869333574892
9.676501464843795
13.313306057837735
15.094501241048192
16.584999133694566
19.323223778509373
15.855766296386719
10.636823395759848
5.751383972168014
3.522612836284054
3.549354110225579
0.30053536551343996
2.7304523098853792
10.229500834147132
13.495547190020204
16.573732503255258
19.655000551285298
17.299983166110167
17.089167277018248
12.964514750819092
6.281868998209632
2.1420965379284667
-1.5709683325982837
0.4214274815150816
0.09064488564769135
7.602999877929733
13.669676553049442
17.44733327229818
23.347421756867448
18.87257907006051
18.594332377115904
13.421127614667341
8.18116607666019
6.793872759419116
4.971291129819804
2.2358740670340467
8.303871204007066
12.32233225504558
14.611775355185273
18.26733347574873
17.532098388671898
19.108710307459717
14.54816691080731
10.286936409242742
5.49433186848961
3.6587094214655167
3.8241934499433228
5.218620247676483
4.995644157163554
9.838333129882812
15.674999409337204
17.56416727701827
20.23387027863538
18.382740931357148
15.0606679280599
10.585485938287547
6.422163899739587
2.8670957503780414
0.9496777934413103
0.8373221261160779
4.877581491778017
13.472664896647132
14.270967840379285
15.866665649414074
19.95871099656631
20.25371113438763
16.701333109537757
8.930160817792341
7.2233347574870095
0.9404826502646415
-3.1108046008694146
-1.5437503269740205
4.457579385080692
9.468667093912757
11.159033301568797
16.69599609375001
21.92822492045741
18.18919549757436
14.459667968750011
9.693547697990198
3.608168538411462
-3.3730647917716396
-0.41632345876382715
0.17750156947545292
4.640969356413848
13.418747965494788
14.207903757403017
18.27675069173182
18.63386958952873
17.89790275327624
16.349501546223962
11.475161447832704
6.815348307291686
4.34354897775961
2.5704831031061417
0.4391392148774571
8.135646500126029
8.45033213297529
15.057741029800923
14.604932657877612
17.64459553380169
19.68806388608874
14.432998657226562
9.969546213457704
6.319766235351608
0.6198393790953105
0.2679682577810354
0.045535387311701925
0.713095191217235
8.247615559895848
15.275017326108866
16.70716603597009
20.705001141948117
19.52854801301038
14.722268168131507
12.215515432050154
6.541850789388036
5.510692768712204
5.29905877882436
6.584727042061957
9.848211276146685
11.44990081787114
14.911772992534054
18.183498128255223
23.62727434712076
18.639515833700898
17.40533396402998
13.354839989446873
7.9759994506836165
3.3095479657573037
