16.0
44.0
75.0
105.0
136.0
166.0
197.0
228.0
258.0
289.0
319.0
350.0
381.0
409.0
440.0
470.0
501.0
531.0
562.0
593.0
623.0
654.0
684.0
715.0
746.0
774.0
805.0
835.0
866.0
896.0
927.0
958.0
988.0
1019.0
1049.0
1080.0
1111.0
1139.0
1170.0
1200.0
1231.0
1261.0
1292.0
1323.0
1353.0
1384.0
1414.0
1445.0
1476.0
1504.0
1535.0
1565.0
1596.0
1626.0
1657.0
1688.0
1718.0
1749.0
1779.0
1810.0
1841.0
1869.0
1900.0
1930.0
1961.0
1991.0
2022.0
2053.0
2083.0
2114.0
2144.0
2175.0
2206.0
2234.0
2265.0
2295.0
2326.0
2356.0
2387.0
2418.0
2448.0
2479.0
2509.0
2540.0
2571.0
2599.0
2630.0
2660.0
2691.0
2721.0
2752.0
2783.0
2813.0
2844.0
2874.0
2905.0
2936.0
2964.0
2995.0
3025.0
3056.0
3086.0
3117.0
3148.0
3178.0
3209.0
3239.0
3270.0
3301.0
3329.0
3360.0
3390.0
3421.0
3451.0
3482.0
3513.0
3543.0
3574.0
3604.0
3635.0
3666.0
3694.0
3725.0
3755.0
3786.0
3816.0
3847.0
3878.0
3908.0
3939.0
3969.0
4000.0
4031.0
4059.0
4090.0
4120.0
4151.0
4181.0
4212.0
4243.0
4273.0
4304.0
4334.0
4365.0
4396.0
4424.0
4455.0
4485.0
4516.0
4546.0
4577.0
4608.0
4638.0
4669.0
4699.0
4730.0
4761.0
4789.0
4820.0
4850.0
4881.0
4911.0
4942.0
4973.0
5003.0
5034.0
5064.0
5095.0
5126.0
5154.0
5185.0
5215.0
5246.0
5276.0
5307.0
5338.0
5368.0
5399.0
5429.0
5460.0
5491.0
5519.0
5550.0
5580.0
5611.0
5641.0
5672.0
5703.0
5733.0
5764.0
5794.0
5825.0
5856.0
5884.0
5915.0
5945.0
5976.0
6006.0
6037.0
6068.0
6098.0
6129.0
6159.0
6190.0
6221.0
6249.0
6280.0
6310.0
6341.0
6371.0
6402.0
6433.0
6463.0
6494.0
6524.0
6555.0
