0.10364516126628587
2.243392865420901
0.6831935521433714
1.100000003061723
2.0208064551209852
1.9619333415425897
1.377645162603453
1.2281290274300303
0.5733333379612304
3.303225824586867
1.7266666793148033
1.890129043772137
2.1548387142003422
1.9357142885252998
1.7354838877274175
2.5466666858119424
0.9096774315807007
2.1200000013050158
3.20516132987428
2.1910000123552305
1.0833000071215793
5.706967760327996
1.756400012454833
1.4193548451951374
2.3548387286756487
1.2516785748435464
2.390129051796506
1.1781666736465013
1.6387096773659353
3.506666683824733
1.1551612891179825
4.572258120669498
1.6933333272754678
2.2730967855867705
0.4866666720772628
4.408774184864137
1.445161300474748
1.9482069141241511
2.349903246681973
1.1126999973646434
1.805258051242544
1.7203000056906603
1.154838713222078
1.0000000102727133
2.2666666691657156
2.5483871006027554
1.940000003669411
1.9161290484912423
1.361451615417947
1.5214285766497986
0.9224838778022199
1.9286666711991531
1.062387097220879
1.5721666730678405
1.4210000124289617
4.869935524941631
5.94623337730809
1.955612897496218
2.0266666761017404
1.3975806493451066
3.067741952902232
3.002892876039758
1.1612903249296058
1.3599999928555917
2.445161290891138
3.6906333449746858
4.122580657619232
3.1936451666209202
3.29999999870779
4.983774208578266
4.009600007339031
0.896774199293671
1.8451612981622136
0.04285714333361414
0.3161290340827808
1.8400000025576446
1.8880967733322551
1.271233329637198
2.180516148918389
1.336193557665777
1.6996666707200347
0.8452903277561892
2.1893000112322625
2.0541935534809808
2.012903225371584
1.2137931088138179
1.3419354861159059
1.0600000039266888
0.9216451649330514
2.7188666933579952
2.897032259094093
1.857258072226203
1.6382333467663557
3.586161275040189
1.7318333440096012
2.804000015927863
1.8848709727594284
1.4517500183501397
1.4142258095108122
0.36183333546659924
1.5368709707533321
1.9117666626368646
2.25351614522996
1.503580654818301
0.7615333417561487
1.8917419488410991
1.9342000051199193
0.98467743035496
1.0771290268695015
1.8142857260370093
1.0781612983273883
2.106666672625579
2.367741945331105
2.061299969755055
1.3331612972016897
5.568354835373436
1.3279000042530242
3.192741954661605
2.93723334835704
3.0805161375331904
13.091645225846413
1.752107150711676
1.4202258175622948
0.4339333398820599
3.431451632728098
4.694466692926653
3.749354837723771
1.480645176484212
2.957133327836346
1.4743225934873936
1.3600000138103494
1.8741613036097753
2.2508709813014467
1.089206897224107
2.4184193721251384
0.9043000075325835
0.9483871039382422
1.1548000131074332
1.9419354948988785
5.892193563598877
0.8333333334303461
3.329032267614703
3.1200000198441553
2.432258071278357
1.1161290391746368
1.2285714338109495
1.88387097347708
0.14666666567791253
2.4129032370007235
4.5620000104531755
3.5032258132912006
1.5096774205073504
0.9200000062992331
1.6451613026982803
1.64400002657203
1.9206451972187948
0.11741935910146323
0.8357143123118606
2.0129032642392803
1.170000014535617
3.623225825609669
2.695333322917577
1.2161290442999153
6.239999990793876
2.704000044032
3.354838751200136
3.4406667348230258
0.8387096943483958
1.8097419392772955
1.5437857319138206
0.8327096806793164
0.3507333372749599
1.6093548388183874
4.934199979425102
6.78709679810826
7.6322580767033115
3.4266666750772856
1.9354838844587756
3.2740000322519336
16.77674204721341
19.412903283204464
7.158620733565025
4.435645188503611
2.220000012021046
1.438709687499795
2.882800001200394
2.1208064465356307
0.7354838719625296
1.1496000087208813
2.333677429611535
2.4257999995336377
3.981193538632602
2.245161300496904
0.7285714296553383
0.12903225907657837
0.6000000040512532
3.0764838824735867
2.740000009944197
0.6576129020451786
1.400193560548433
3.7400000070920214
3.2202580795954767
2.7200000136508606
0.8358709706396527
4.0544193636158585
2.081535707684371
0.7305161280977436
1.4872333311996044
1.9870967827662225
0.9866666728339624
1.8967742044966849
6.161290343340125
3.2333333622955247
4.02580647820404
1.9600000069476664
4.994064543448516
