0.31065994619938886
0.9439285715144208
1.6642842751405682
2.6304861125083536
3.104158599641905
4.153663195780245
5.777962365673394
7.710701613952356
3.456746533056139
1.4835833338865703
0.7382722221517826
0.40871572602441364
0.6803541658547899
0.668610119117234
1.6276612889168094
1.3681326386421764
3.756660617189482
3.287625003850553
3.104546371436808
3.2375544417744644
1.769788889934878
1.3070806469793321
0.5786006935492979
0.4089758062868358
0.5172580644585817
0.6143154767395616
0.9819012113092016
2.5231152817322355
3.306577961851207
2.792090979781157
5.607353499156713
4.2253951577004045
2.6725625004082554
1.292450942202679
0.7585208332909841
0.5603655909844649
0.8168676075968712
0.819159482364896
1.2900194897671902
2.609810417962985
4.999354159845019
3.7728229166163754
3.1833373659230286
3.478229163349756
2.268008331460361
0.9982956991873941
0.7574208331540123
0.5273830647272388
0.3800752683535158
0.7585476192346375
0.9906545712547477
1.6010861137985355
4.342444225594962
3.062729164109462
4.850793007751226
3.5841384448977287
1.439929861552082
1.1487956987720507
1.1354118058936566
0.37892876365437966
0.5391189522809043
1.0674255960608814
1.694359545252957
2.4124291667197313
3.181187498378217
4.147252086374081
4.035623657326865
4.5848857516983665
3.4583729208395297
1.295022850135161
0.610465278129171
0.5828064520716898
0.37109475821552057
0.509939732553903
1.8849139813614149
3.543525697166721
3.029208337712873
3.730599302291456
4.1226720412021445
5.837254042952492
3.045509027829394
1.3410497322623487
0.393879861038618
0.7595698933257291
0.47654032304016775
0.711591236107319
1.175150538954924
2.737037501923947
3.504129032136153
3.2139972238229046
3.1697217759676906
3.9338904597143385
3.145361804909771
1.0244173376501153
1.0100368045088544
0.3988635758112807
0.8415618292347062
0.6653883936451166
1.0711250016695015
3.296752086040538
3.7089065853112015
4.116020828010126
5.029883730604554
3.523222438067258
3.4819562457980484
1.7460672013049754
0.9354409720667819
0.47302486578810593
0.21989381747268347
0.6482090775180473
0.804333333915174
1.9474388862150793
4.443628359076683
5.077636106886267
7.922523511293274
4.21841531601404
3.473484726395044
1.7708245959772568
1.2596624997826034
1.1720295717516633
1.1975423389224595
0.7742187495705799
2.0475141139987665
4.144654861309876
3.729157927361181
5.026940276825593
3.3929509428803564
3.876813165301467
2.2996152760713207
1.4918239262903714
1.1783048618533132
0.5649623657340936
0.8291586025074119
1.3017241365188297
1.6091626332166025
2.988034027495693
6.214391137903896
5.67455416901244
6.412609551537542
3.4329778218210953
2.6794951377649947
1.3300651882152994
1.0150513888711834
0.4206639786945
0.7574879039055167
0.5884434518111881
1.2814576596454141
4.2652520839736905
4.209961693890403
4.4851798631373745
4.926828629274506
5.512084006241733
3.7455513949842296
1.6953037614284474
0.7800986099305899
0.42867204367016665
0.5525275535771363
0.48515699295655523
1.225442204502992
2.5828013887731585
2.2605927397984567
3.611232638192693
5.378091404735241
2.893461696637866
2.480739582141137
1.250807123055922
0.6548263896149162
0.3950564509849296
0.4672043012461834
1.097312498616659
1.4355053770711386
4.190853474506487
3.786928765375608
4.589102778262976
3.224310476095065
3.0506129038234753
2.4575291708629163
1.716708333792305
0.6960305555940269
0.8901438182395112
0.917061827713511
0.8316982767076182
1.8540779551070543
2.582016667061382
4.971458332823409
3.358277773463892
4.171325942261085
4.797815856814224
2.881679861526936
1.4306565866585301
0.7478548606534281
0.5506868282457724
0.5616841397806971
0.5793244050750911
1.6523844086945618
2.774549998001344
3.835563839569698
3.8285000009565717
5.613348794660421
4.775174730767806
2.2381402813402627
1.5502284937115731
0.8724458327261446
0.7937553764968079
0.784129034827954
1.1411391409734886
1.9805866977580453
3.505297218875623
3.170313846696073
4.602713195147226
7.941107522532899
4.16159072279134
2.2892555547205524
0.905136424399692
0.4924680551054836
0.405698253062769
